210821622
7442670627
8039362540
2008982003
9036004847
8317696056
8066204311
6315144394
1760998324
8721038065
20191653456
9007309990
5419428774
18720221783
19596353823
1421277990
11666109474
3615485871
11350373384
1466298996
201144445
32350683
11812070024
4269829070
15216333745
764555783
1386603175
9296712394
1592803000
456921363
13562349487
8334921054
8337322994
7469256342
214504734
5614943686
3405240365
1543761759
20052976524
4543143142
7981890842
5523236470
16957969189
16942913
7340140504
9978838539
17520833586
11812070024
1592803000
7763267954
19829726863
315431144
8337322994
1274331009
9296712394
13324468327
11666109474
3615485871
11350373384
1466298996
201144445
32350683
11812070024
4269829070
15216333745
764555783
1386603175
9296712394
1592803000
456921363
13562349487
8334921054
8337322994
7469256342
214504734
5614943686
3405240365
1543761759
20052976524
4543143142
7981890842
5523236470
16957969189
16942913
7340140504
9978838539
17520833586
11812070024
1592803000
7763267954
19829726863
315431144
8337322994
1274331009
9296712394
13324468327
3955049842
10753276813
6997449040
1125408154
20740489817
13456224319
4480425128
11791357792
19535196107
20503214059
12175799989
252937742
5807978902
15539920995
14425455946
6356617121
5524048843
5844369313
20492746618
3610051246
20653443494
3610051246
18575556491
12823961868
10361946009
3081135405
4180392915
10028761024
5569235712
8053811573
4057655209
1651833469
8715342180
1410815853
11818883265
3610051246
54168323
790529112
10028761024
5766150704
3081135405
1520829337
3610051246
16102743659
1392081124
570638706
20458615106
2310889588
12545371933
5642068577
18327933791
1374109805
11401334981
6356103775
241935287
8884863189
465977853
20332365403
12175799989
2111510360
54404522
21035234
9524759582
15539920995
1269992447
6014750663
3610051246
466353469
1759344355
18424916300
6828915726
21913682
5679779294
7646275048
48675298
8750586179
10408117880
6001347756
16088747
7717241698
10612094
2714354489
11129192005
20031417867
21913682
8750586179
19235443601
384675319
8537558736
6536940864
7758891121
268146242
8071817397
4273466127
3969901408
4156240648
441661871
8028880451
6961971773
4121055612
12175799989
1442891395
3908328731
2351482902
13226173355
6321251613
14915646569
33718779
8687761381
12823961868
10361946009
3081135405
4180392915
10028761024
5569235712
8053811573
4057655209
1651833469
8715342180
1410815853
11818883265
3610051246
54168323
790529112
10028761024
5766150704
3081135405
1520829337
3610051246
16102743659
1392081124
570638706
20458615106
2310889588
12545371933
5642068577
18327933791
1374109805
11401334981
6356103775
241935287
8884863189
465977853
20332365403
12175799989
2111510360
54404522
21035234
9524759582
15539920995
1269992447
6014750663
3610051246
466353469
1759344355
18424916300
6828915726
21913682
5679779294
7646275048
48675298
8750586179
10408117880
6001347756
16088747
7717241698
10612094
2714354489
11129192005
20031417867
21913682
8750586179
19235443601
384675319
8537558736
6536940864
7758891121
268146242
8071817397
4273466127
3969901408
4156240648
441661871
8028880451
6961971773
4121055612
12175799989
1442891395
3908328731
2351482902
13226173355
6321251613
14915646569
33718779
8687761381
10021912291
12751807
12823961868
10361946009
3081135405
4180392915
10028761024
5569235712
8053811573
4057655209
1651833469
8715342180
1410815853
11818883265
3610051246
54168323
790529112
10028761024
5766150704
3081135405
1520829337
3610051246
16102743659
1392081124
570638706
20458615106
2310889588
12545371933
5642068577
18327933791
1374109805
11401334981
6356103775
241935287
8884863189
465977853
20332365403
12175799989
2111510360
54404522
21035234
9524759582
15539920995
1269992447
6014750663
3610051246
466353469
1759344355
18424916300
6828915726
21913682
5679779294
7646275048
48675298
8750586179
10408117880
6001347756
16088747
7717241698
10612094
2714354489
11129192005
20031417867
21913682
8750586179
19235443601
384675319
8537558736
6536940864
7758891121
268146242
8071817397
4273466127
3969901408
4156240648
441661871
8028880451
6961971773
4121055612
12175799989
1442891395
3908328731
2351482902
13226173355
6321251613
14915646569
33718779
8687761381
10021912291
12751807
8430100836
657544043
239529527
9856112785
12823961868
10361946009
3081135405
4180392915
10028761024
5569235712
8053811573
4057655209
1651833469
8715342180
1410815853
11818883265
3610051246
54168323
790529112
10028761024
5766150704
3081135405
1520829337
3610051246
16102743659
1392081124
570638706
20458615106
2310889588
12545371933
5642068577
18327933791
1374109805
11401334981
6356103775
241935287
8884863189
465977853
20332365403
12175799989
2111510360
54404522
21035234
9524759582
15539920995
1269992447
6014750663
3610051246
466353469
1759344355
18424916300
6828915726
21913682
5679779294
7646275048
48675298
8750586179
10408117880
6001347756
16088747
7717241698
10612094
2714354489
11129192005
20031417867
21913682
8750586179
19235443601
384675319
8537558736
6536940864
7758891121
268146242
8071817397
4273466127
3969901408
4156240648
441661871
8028880451
6961971773
4121055612
12175799989
1442891395
3908328731
2351482902
13226173355
6321251613
14915646569
33718779
8687761381
10021912291
12751807
8430100836
657544043
239529527
9856112785
12823961868
10361946009
3081135405
4180392915
10028761024
5569235712
8053811573
4057655209
1651833469
8715342180
1410815853
11818883265
3610051246
54168323
790529112
10028761024
5766150704
3081135405
1520829337
3610051246
16102743659
1392081124
570638706
20458615106
2310889588
12545371933
5642068577
18327933791
1374109805
11401334981
6356103775
241935287
8884863189
465977853
20332365403
12175799989
2111510360
54404522
21035234
9524759582
15539920995
1269992447
6014750663
3610051246
466353469
1759344355
18424916300
6828915726
21913682
5679779294
7646275048
48675298
8750586179
10408117880
6001347756
16088747
7717241698
10612094
2714354489
11129192005
20031417867
21913682
8750586179
19235443601
384675319
8537558736
6536940864
7758891121
268146242
8071817397
4273466127
3969901408
4156240648
441661871
8028880451
6961971773
4121055612
12175799989
1442891395
3908328731
2351482902
13226173355
6321251613
14915646569
33718779
8687761381
10021912291
12751807
8430100836
657544043
239529527
9856112785
